24

0 1 800
1 0 800
0 5 1000
5 0 1000
1 5 950
5 1 950
1 2 1100
2 1 1100 
2 6 1000
6 2 1000
2 3 250 
3 2 250
2 4 800
4 2 800
3 4 800
4 3 800
3 6 850
6 3 850 
4 7 1200
7 4 1200
6 7 1150
7 6 1150 
5 6 1000
6 5 1000
5 8 1200
8 5 1200
6 8 1000
8 6 1000
7 9 900 
9 7 900
8 9 1000
9 8 1000
5 10 1900
10 5 1900
8 10 1400
10 8 1400
8 11 1000
11 8 1000
9 12 950
12 9 950
9 13 850
13 9 850
10 11 900
11 10 900
11 12 900
12 11 900
12 13 650
13 12 650
10 18 2600
18 10 2600
10 14 1300
14 10 1300
11 15 1000
15 11 1000
12 16 1100
16 12 1100
13 17 1200
17 13 1200
14 15 600
15 14 600
15 16 1000
16 15 1000
16 17 800
17 16 800
14 19 1300
19 14 1300 
15 20 1000
20 15 1000
15 21 800
21 15 800
16 21 850
21 16 850
16 22 1000
22 16 1000
17 23 900
23 17 900
18 19 1200 
19 18 1200
19 20 700
20 19 700
20 21 300
21 20 300
21 22 600
22 21 600
22 23 900
23 22 900